v3.0 hex words addressed
0000: 20080400 8d090000 8d0a0004 012a5820 ad0b0008 00000000 00000000 00000000
0008: 00000000 00000000 00000000 00000000 00000000 00000000 00000000 00000000
0010: 00000000 00000000 00000000 00000000 00000000 00000000 00000000 00000000
0018: 00000000 00000000 00000000 00000000 00000000 00000000 00000000 00000000
0020: 00000000 00000000 00000000 00000000 00000000 00000000 00000000 00000000
0028: 00000000 00000000 00000000 00000000 00000000 00000000 00000000 00000000
0030: 00000000 00000000 00000000 00000000 00000000 00000000 00000000 00000000
0038: 00000000 00000000 00000000 00000000 00000000 00000000 00000000 00000000
0040: 00000000 00000000 00000000 00000000 00000000 00000000 00000000 00000000
0048: 00000000 00000000 00000000 00000000 00000000 00000000 00000000 00000000
0050: 00000000 00000000 00000000 00000000 00000000 00000000 00000000 00000000
0058: 00000000 00000000 00000000 00000000 00000000 00000000 00000000 00000000
0060: 00000000 00000000 00000000 00000000 00000000 00000000 00000000 00000000
0068: 00000000 00000000 00000000 00000000 00000000 00000000 00000000 00000000
0070: 00000000 00000000 00000000 00000000 00000000 00000000 00000000 00000000
0078: 00000000 00000000 00000000 00000000 00000000 00000000 00000000 00000000
0080: 00000000 00000000 00000000 00000000 00000000 00000000 00000000 00000000
0088: 00000000 00000000 00000000 00000000 00000000 00000000 00000000 00000000
0090: 00000000 00000000 00000000 00000000 00000000 00000000 00000000 00000000
0098: 00000000 00000000 00000000 00000000 00000000 00000000 00000000 00000000
00a0: 00000000 00000000 00000000 00000000 00000000 00000000 00000000 00000000
00a8: 00000000 00000000 00000000 00000000 00000000 00000000 00000000 00000000
00b0: 00000000 00000000 00000000 00000000 00000000 00000000 00000000 00000000
00b8: 00000000 00000000 00000000 00000000 00000000 00000000 00000000 00000000
00c0: 00000000 00000000 00000000 00000000 00000000 00000000 00000000 00000000
00c8: 00000000 00000000 00000000 00000000 00000000 00000000 00000000 00000000
00d0: 00000000 00000000 00000000 00000000 00000000 00000000 00000000 00000000
00d8: 00000000 00000000 00000000 00000000 00000000 00000000 00000000 00000000
00e0: 00000000 00000000 00000000 00000000 00000000 00000000 00000000 00000000
00e8: 00000000 00000000 00000000 00000000 00000000 00000000 00000000 00000000
00f0: 00000000 00000000 00000000 00000000 00000000 00000000 00000000 00000000
00f8: 00000000 00000000 00000000 00000000 00000000 00000000 00000000 00000000
0100: 00000005 00000007 00000000 00000000 00000000 00000000 00000000 00000000
